8.463625160872418007e+00 -2.816096705099791109e+01 -9.580758456164280901e+00 -9.831583703225282633e+00 -6.448359572936245954e+00 4.322459405045590231e+00 -5.853401359355556721e+00 9.982717934897387124e+00 -1.453674358420645962e+00 3.810433857238229027e+00 -2.984003312994630841e-01 -6.349391330924498700e-01 -1.444799538307632858e+00
8.516345700053111756e+00 -2.906163623523204720e+01 -1.096677802169108240e+01 -1.412927920352606392e+01 -8.675780680366363740e+00 5.673277389437305640e-01 -8.404086729722155980e+00 9.313470844372224278e+00 -4.933064695671852462e+00 3.350916784907086665e+00 1.110401439837931103e-01 -4.003282396308301294e+00 -3.937127365680921920e-01
8.903558233914578679e+00 -3.246291961340597965e+01 -1.324152162500916319e+01 -1.492639584154775534e+01 -1.366912400131301020e+01 -2.641112942837407829e+00 -3.867517138099451746e+00 1.439257414743176433e+01 -7.637596273390601098e+00 6.494617675223335773e+00 7.560431443418166531e+00 -5.148976788995162757e+00 -6.067009337595643537e+00
9.218366038364163018e+00 -3.206953834491180544e+01 -1.178749078289745533e+01 -1.633006986999397014e+01 -1.338185823552606912e+01 1.879625747259665580e+00 6.616557662510664795e-01 1.657883653334851815e+01 -6.915543071252530538e+00 -3.682071923789428602e+00 3.430447392719732758e+00 7.036936428864194681e+00 -2.342928849143780801e-01
1.017299898661141100e+01 -3.742810555869863975e+01 -2.123010910429814047e+01 -2.233497328301697493e+01 -1.315389871619860429e+01 -9.123209734220120382e+00 -2.607807498579528627e+01 1.010133630738418731e+01 -2.910420175829384615e+00 -3.419970767930637923e+00 -3.933907052056521358e+00 8.996595769635050033e+00 1.344937516048861070e+01
1.044045906767601295e+01 -4.050062776720974256e+01 -1.616642386148475552e+01 -2.226117205833194390e+01 -1.528611485905286393e+01 -2.540811765569329861e+00 -8.079253583514425685e+00 7.969582776240767608e+00 -1.114441933073528723e+01 1.022503809749533410e+01 7.345896280281507984e+00 7.546022216914889391e+00 3.409730776140304620e+00
1.093510501320929329e+01 -3.986126829649273873e+01 -1.602409359365165287e+01 -1.536961233534524851e+01 -1.846562006509410026e+01 -1.321019077186184054e+00 -9.042982820500608199e+00 1.072314202839762665e+01 -7.411774152228380430e+00 -4.168217461028039139e+00 1.403248841951440440e+01 -1.659810068855733345e+00 3.264804865495816166e+00
1.421734965722856181e+01 -3.934364465543624334e+01 -4.730443583572267130e+00 3.847439610917694264e+00 -3.405156033900981072e+01 -1.088351753867569194e+01 -4.506616123890140990e+00 1.062905189508066073e+01 -6.513810424780181130e+00 8.489446382876495889e+00 -7.176614813281186223e+00 -2.821990841586632381e+00 -3.552545248183510473e+00
1.389873115723683128e+01 -3.780337132038455650e+01 -1.689475871319433153e+01 -3.634682640531750053e+00 -2.119960495521128152e+01 -7.835583967156936502e+00 -1.501434796796221427e+01 2.150761038988796514e+01 9.065567457063796297e+00 -6.030085040116991202e+00 -1.272679316963973939e+01 5.095158441898464119e+00 -1.015936873500815985e+01
1.311211069791667327e+01 -3.026289733994664033e+01 -1.168764493425040385e+01 2.808461886549976416e+00 -9.062541006342955896e+00 -8.148750749635498281e-01 -6.253714691125507485e+00 1.236633710947099196e+01 5.507392826547675035e+00 -5.461416235803566721e+00 -1.596422207918063885e+00 1.137667768668093515e+01 -2.303850771255598673e+00
1.252441502686503405e+01 -2.582028903529472785e+01 -1.152696747349521189e+01 3.589784047619179130e+00 -2.201562079510470227e+00 -1.025233326177305004e+00 -9.700270268117707317e+00 4.241064224349964107e+00 1.182339248864526482e+01 -5.259787773428166169e+00 -2.078530586864981711e+00 8.062479602480847163e+00 4.123200299856367046e+00
1.175552652408581800e+01 -2.505708619509601931e+01 -1.626868643501120815e+01 7.160632855789148543e-01 -9.548781814009700497e+00 -9.723681570236855976e+00 -9.675100900696518735e+00 6.254200603024746563e+00 9.641897233967293701e+00 1.438203507438083228e+00 -6.675585102984886277e+00 9.845420330307526058e+00 1.716222401912778084e+00
1.169130289387178934e+01 -2.761642801341072584e+01 -1.881758865378150247e+01 -6.576274344123945959e+00 -1.027641926662593086e+01 -9.861903349217689296e+00 -1.559086668517794116e+01 3.713436205988088545e+00 1.451908425399288660e+01 5.553803792049549770e+00 -1.271875001236185554e+01 9.889946017647009313e+00 7.240163615279179510e+00
1.151916022172482634e+01 -2.750584869121043141e+01 -1.464310322498200989e+01 -7.015764619219544862e+00 -1.214851226072506840e+01 -1.022704107757429259e+00 -1.730235913557579863e+01 -4.505227977976145048e+00 1.132954398470850599e+01 2.968305312588364053e+00 3.559229274025028644e-01 1.099914526372376855e+01 2.228098933022696126e+00
1.144426703758060881e+01 -2.818356520691928679e+01 -1.846328675961597199e+01 -4.131340065322237187e+00 -1.163520075593289604e+01 -9.858580748886684120e+00 -1.650183299513312818e+01 3.025926782380389035e+00 1.462132042831594525e+01 -3.772085558851349330e+00 -6.756913769387947077e+00 1.124913308763715847e+01 9.550175323910004010e+00
1.163170321636130922e+01 -3.154742616194080540e+01 -2.708172630665655589e+01 -4.472109794951866668e+00 -1.448901156656897449e+01 -6.869365802186770509e+00 -1.846806144251172199e+01 7.284315405154528911e+00 2.099299452659924725e+01 -4.931770895327656667e+00 -1.473718824695173524e+01 1.176547664135792370e+00 -1.127089760417296027e+00
1.232096275491941384e+01 -2.556524406262112947e+01 -9.830473979768017401e+00 7.373256489716891515e+00 -7.263385442205606779e+00 -5.425146786139181998e+00 -2.496064926395693107e+01 -1.626484007636643803e+00 4.817555612858206437e+00 -8.076712425482973856e+00 -3.013456511448572961e+00 1.229213553869563436e+00 1.177357274303095735e+01
1.134982827358930635e+01 -2.525624222044914191e+01 -2.362767182567860402e+01 6.754777566442166759e+00 -1.500233694508466975e+01 -3.451937513856179418e+00 -2.350319982543856412e+01 3.417035433101935471e+00 1.644328985595902282e+01 -6.424510195659984824e+00 8.592775085152788705e-02 1.462391672535258991e+01 6.410078999726088966e+00
1.105237533332806876e+01 -2.506614997540837919e+01 -2.927295840792003645e+01 5.743576413564524863e+00 -1.774096844314133747e+01 -3.522087992413598823e+00 -1.539397076053161584e+01 -3.624401006294492245e+00 1.969811424869108407e+01 2.969320555502718229e+00 -4.589942111494480947e+00 6.109095955120599442e+00 3.403677515719393032e+00
1.041224914117374922e+01 -2.429152302212748538e+01 -3.278041109987526625e+01 6.108327566270806308e+00 -1.613336304853791958e+01 -5.238681344367348558e+00 -3.954243247920788296e+00 -1.497040434974755208e+01 7.958467493076190280e+00 -1.036404081153368573e+01 -1.304622945538518941e+01 -4.806059812770048012e+00 1.281018784538814970e+01
9.877437400060834705e+00 -1.925763191414347375e+01 -3.084193702532178349e+01 -3.181663271091879630e-01 -1.343955912950935883e+01 -2.138856302317204339e+01 -9.684385374725449580e+00 -1.277452080480500030e+01 1.285102600397438799e+01 1.905745204290182793e+00 1.331327859168844663e+00 -4.717560191164279715e+00 1.523141224711799602e+01
8.640129450960396085e+00 -1.644619715023525686e+01 -2.816183648894840985e+01 -1.590608003396607373e+01 -3.217520047502854474e+00 -1.115228247885484869e+01 -1.628386671431362842e+01 -1.899676175462129135e-01 6.564313482690918633e+00 8.349588676714414959e+00 -2.467291733956501698e+00 -6.224532526943493238e+00 -2.206931694413833966e-01
7.188184490597413046e+00 -1.427205290734427834e+01 -2.317804333850449261e+00 -1.527142983661745745e+01 -6.352676979285545755e+00 -1.600444120288931416e+01 -6.466219517319998999e+00 -1.668518483291012267e+00 9.568998462774879199e-01 2.805945886552195123e+00 -6.954064455598852668e+00 2.505125899917445054e+00 -3.779313794494313594e+00
7.281011458154670990e+00 -2.925757748681117931e+01 2.069855805090840217e+00 -6.277740342689969388e+00 1.789263663006539051e+00 -6.107263657990918304e+00 4.011184797286823311e+00 3.250875930447450490e-01 -4.006934709268341166e+00 1.495391900278070896e+00 3.467013487031751495e+00 1.073640805140875010e+00 1.430667110339168602e+00
7.194010771461791798e+00 -3.255681842264743864e+01 -8.807287007988170435e-01 -2.806573928610965218e+00 2.958699366502143491e+00 -3.959091180314853631e+00 -4.678856989435963953e+00 -1.612018310802492582e+00 6.453693260548825528e+00 3.160104454340763036e-01 8.008368101440428433e+00 6.335191359546483714e-01 -4.466177003264481193e+00
7.275279232993720591e+00 -3.089458512244333122e+01 -7.035695761190272179e+00 -1.232811141954848289e+01 6.088369800962471601e+00 -1.787024763812723904e+00 6.960278066650896100e+00 -4.570599268239757151e+00 -6.182441724584994525e+00 2.996142823342915928e+00 -2.833160697203256362e+00 -1.292525540514794002e+01 -8.708902197828653158e+00
7.411019487438812448e+00 -3.284373078828534886e+01 1.363608222140462400e+00 -1.016556099940684810e+01 6.115108911912618517e+00 9.448362233404322907e+00 1.030335633303505283e+01 -7.688868012001500496e+00 -8.861603523003418914e+00 -8.192032046347200946e+00 3.780525625499205677e+00 4.764546316113879243e+00 -6.441963706672535039e+00
7.260354480288124357e+00 -3.156340850744791382e+01 2.725351837653040565e-01 -8.601773106783200618e+00 1.464263993366468286e+00 -2.918865452220121171e+00 9.213259454301840623e-02 -7.538430357915775204e+00 9.299566301046973127e-01 3.354807535588677947e+00 6.548451495803472078e+00 3.863905769548607871e+00 3.192327684972439350e+00
1.353350251864817899e+01 -1.293955022978305713e+01 -2.283382053285194857e+01 -1.909088956539325466e+01 2.086238811421971956e-02 -1.951554427906602163e+00 -2.606445533247709889e+00 -1.692652645646327869e+01 -1.162252614338158807e+01 1.342654977853209530e+01 9.986022382365723260e+00 -1.179516553467381934e+00 -6.771117757706941909e+00
1.291606875280806221e+01 3.653753394610720129e+00 -1.191560900902538656e+01 -1.664483909642412485e+01 1.747997541012963563e+00 -2.097343703882452282e+00 -5.094634709325016608e+00 -1.551066048051217550e+01 -4.085807269885542325e+00 -1.725906747391477980e+00 -1.116250093479207273e+01 -1.134177796790829085e+01 -1.350743015178023754e+01
1.655936940631998056e+01 9.683671524064424219e+00 -2.354225651868499725e+01 -2.738404209775096021e+01 4.614344853114462630e+00 -1.870307653127076009e+01 -1.753093854296782439e+01 -2.096441361309340579e+01 3.465722632000284165e+01 -4.541270354872456672e+00 -1.134447234444454011e+01 -7.171400251996279396e-01 -6.404279914443836041e+00
1.668515170602245590e+01 7.070134065470635498e+00 -2.810983584505985888e+01 -1.113729238269263178e+01 -7.425226555369844661e+00 -3.074328077318753216e+01 -1.014604899487184220e+01 -2.456599023391370906e+01 3.468245955722900931e+01 -9.073232181428497967e+00 -5.850211364141403969e+00 4.124365115207673682e+00 7.528980586637032957e+00
1.394103740768365007e+01 7.929006085223393896e+00 -2.101081300407075503e+01 -4.347154600741975905e-01 3.514235630460821103e+00 -2.389112084271317471e+01 -1.444110620859973437e+01 -1.522735746761587450e+01 1.017971099876165830e+01 -1.168751642281502523e+00 1.665955366541432880e+01 6.389087786782845502e-01 1.088077819865617002e+01
1.451759063228186797e+01 -1.594020751262109847e+01 -2.618459351526598411e+01 1.634444236049607468e+01 -1.350078935014513704e+00 -3.224749842406673395e+00 2.281054586500257031e+01 -3.977916132450780129e+00 -1.456733514139635055e+01 2.540680839324150675e+00 -2.953211347320723945e+01 6.151301815084226021e+00 7.557718261786358305e+00
1.791054179870736363e+01 -3.362917120169259810e-01 -2.862058509338314138e+01 -4.571880275954248951e+00 -3.776167829563640055e+01 -6.580872059126908091e+00 1.348686495947377573e+01 -1.427842122090401311e+01 3.392980560194452977e+01 2.679669327808920976e+00 2.099217302434968069e+00 -2.393552412557559705e+01 -2.461215202862055307e+00
1.889874738478472338e+01 -6.573914262205596826e-01 -3.507742056392832808e+01 -1.762863498379763882e+01 -3.047786918764902353e+01 2.302228499232762182e+00 1.319857930758987763e+01 -9.357858729989919411e+00 6.803787677615375173e+00 1.172643103780006912e+00 -3.817808455396855649e+00 -1.561056844737060345e+01 -1.327212526989575103e+01
1.851893197346083042e+01 -2.195374289297536752e+00 -3.918595478448024494e+01 -2.101144041894032810e+01 -2.089955575893204909e+01 -1.067129129801509757e+00 5.353240152263786023e+00 -4.371307459519972127e+00 3.572483314796105702e+00 -3.019137758548815498e+00 -6.071912788644737269e+00 -1.601326213976336277e+01 -7.750960682707763283e+00
1.574915282781556414e+01 6.235689958897342677e+00 -4.116466869932662576e+01 -9.833748011533403499e+00 -2.009580285732610960e+01 -6.089908551792503566e+00 -4.446160466482890428e+00 -1.575318109007368239e+00 1.290993206605922694e+01 -2.027039649248031239e+01 -2.288817176096978656e+01 -2.465271579170179450e+01 -5.087852102248398900e+00
8.455056392250767772e+00 -2.092901137414018109e+01 -1.024859147290521300e+01 8.228515636513179743e+00 1.351891369203920235e+01 -3.518507929527733058e+00 -1.247293874870070951e+01 -1.134697591079294021e+01 1.525237357958803308e+01 2.667748291690605900e+00 -1.201268183584232752e+01 -1.666744918037584400e+00 1.202228104660428620e+01
1.281872996203865256e+01 -1.251853780495690316e+01 -3.569099591698344653e+01 3.874919630271305593e+00 5.976298939972807922e+00 -9.522547302565858018e+00 -3.482507300503685510e+00 -1.369256336353621073e+01 1.659888523231614599e+01 1.032898870741803066e+01 -1.106079147030372312e+01 5.216520255977615150e+00 -3.420853811412100320e+00
1.544545756991152352e+01 -2.718441021071442520e+01 -3.358847644988725278e+01 1.685197568263433698e+00 3.824412300154958366e+00 -1.009926032963612413e-01 1.134850549032088551e+01 -7.831279127634262593e+00 -2.720405015973038410e+00 -8.339228223120613848e-01 -1.213666175733148167e+00 1.227268889376446293e+00 3.819655185380200546e+00
1.772732594916140414e+01 -4.027093189780051574e+01 1.253035165969191400e+00 1.521270903284681708e+01 -1.221255822533160718e+01 -2.792140525247273519e+00 8.402821090681989347e+00 -1.825681608678932255e+00 8.397889456889183757e-01 -7.134576288920826403e-01 -6.893383953063570324e+00 3.103970668079758077e+00 1.473538038282236728e+00
1.788943379341700535e+01 -4.156069053640349154e+01 5.740914921559181039e+00 1.264808398840700221e+01 -1.449049141990539624e+01 3.006144606849250778e+00 4.758115469532328667e+00 -1.058117683691443567e+01 3.616921060443582192e+00 4.575813955480569462e+00 -1.428106540249051903e+01 8.671251825698356175e-01 2.530430666705599574e+00
1.778767945392523586e+01 -4.837376062187350101e+01 2.456942939917809987e+00 7.742915502016415985e+00 -1.576458790211006367e+01 -1.302209155496899129e+01 2.284923062004444283e+00 -1.816602806225994016e+00 2.337295311137902232e+00 6.122148863322433243e+00 -8.008371657258685161e+00 5.090524578331630245e-02 1.958720491866307034e+00
1.689533233135608015e+01 -4.635380014735527254e+01 -2.716613665242844533e+00 9.427249750617699320e+00 -1.694840167332640490e+01 -9.171524781512866653e+00 6.400863930794962187e+00 1.942870299838599157e+00 4.480987744262328043e+00 7.332874246853684497e+00 -1.268090969584433658e+01 -1.202135265061394342e+00 1.420242741420420884e+01
1.479747537762760423e+01 -8.308686865084673911e+00 -2.103301783180426554e+01 -3.954411245798140628e-01 -2.058328350104116566e+01 -1.766402068731772346e+01 -3.999283443709940489e+00 -2.225713992234646099e+01 -1.266069251080874203e+01 7.102484730195772755e+00 -1.045398255637138085e+01 -1.208996988656132210e+01 1.880825047456969656e+01
1.361464979688867238e+01 -7.719181838913885541e-01 -1.960507579588305660e+01 1.105875488720118982e+00 -1.759316869560490204e+01 -3.158757458321129263e+01 -3.318665211970596385e+00 -1.369834914965334427e+01 8.813671879552339661e+00 -7.733786993025702827e+00 -6.409079875029163098e+00 -2.099686716232628214e+01 -3.326992068507494071e+00
1.318103525076116611e+01 -1.460113195141960807e+00 -1.744179976440608471e+01 9.931356949895145947e-01 -1.732233173608574717e+01 -3.322420879389905224e+01 -7.241117502851352583e+00 -1.542765001083365917e+01 1.054958219348893600e+01 -2.158377757846913525e+01 -3.244351963666064265e+00 -2.239826788847997108e+01 -5.985578649965838105e-01
1.328956419158362401e+01 -5.327843151725381032e-01 -1.834092642288639396e+01 -4.370251832027933325e+00 -1.600458425172415744e+01 -3.307919517574141821e+01 -3.014600896258824658e+00 -9.478618778897947905e+00 2.196330545902188547e+01 -2.525281363341027330e+01 -9.737616513552453057e+00 -3.268254373094961807e+01 -1.601869050488116952e-01
1.343007098388991594e+01 -4.438499885966475489e+00 -2.284387436247897440e+01 -1.642238166197365601e+01 -2.624360847345780101e+01 -4.991364391243737231e+01 -7.969883909628664220e+00 -1.512258129516666116e+01 1.757138366519389194e+01 -3.852272762708028608e+01 -2.136582268197760826e+01 -3.309647311139676873e+01 3.158311367768203148e-02
1.338381403679758641e+01 -2.838839753518347830e+00 -1.916246406137998903e+01 -1.412767256893094903e+01 -2.588651865659763374e+01 -4.974020903694037798e+01 -2.447512606301209814e+00 -1.089097638535057655e+01 2.114612815225506282e+01 -3.753178958897566275e+01 -2.184914394102816004e+01 -3.270283531806092014e+01 3.485735139500670599e+00
1.299074469993406034e+01 -9.265682594257789173e-01 -1.713717683070169429e+01 -2.276795626073384682e+01 -1.770854786316248308e+01 -3.998568850654543638e+01 -7.226118571950182812e+00 -2.510317352529044399e+01 8.243823654341305707e-01 -2.899544483761222224e+01 -6.492913924396830794e+00 -2.138260134062116080e+01 -5.086839184526261270e+00
1.464027677736527444e+01 -3.931050844767198349e+00 -2.693410615078812143e+01 -1.550457401513620503e+01 -2.621166411447322631e+01 -2.804348216857194132e+01 -9.584251296930684560e+00 -3.464573701851843879e+01 7.259604616126880572e+00 -6.411477471056460153e+00 -3.856227197074855617e+00 -2.324922497519938958e+01 -9.052626832543424484e-01
1.699646719538890594e+01 -7.571734150158897503e-01 -3.120552341666187601e+01 7.597427402884967762e+00 -2.762159594905408611e+01 -2.010262101544419266e+01 -3.660988882173351389e+00 -9.198915635323071882e+00 3.403789825264583868e+01 -6.089710641615494247e+00 9.364920986115173207e+00 -7.385708149674389489e+00 1.298821707076155896e+01
1.715335214391848240e+01 -4.103917454837946011e+00 -2.554851137907740011e+01 1.891082068092567070e+01 -3.494241023432959992e+01 -2.839836466056815922e+01 5.813764602345705690e-01 2.383843040481303355e+00 2.184292434756934043e+01 -1.696209146814384994e+01 2.053664183836642465e+01 -7.667466201452707963e+00 1.367045810195530064e+00
1.655656580637989705e+01 -7.943006104031033132e+00 -2.203561941794021095e+01 1.996054605144865235e+01 -4.838161886800873646e+01 -4.110253909600889699e+01 -6.345874403990979573e+00 -5.799055995052565748e+00 1.314692808447800054e+01 -1.795085021824295879e+01 2.297335369983917630e+01 -9.702418797192732924e+00 -1.236622611305086217e+01
1.595007980639507927e+01 -3.888273942421365259e+00 -1.601372426192927634e+01 2.793433315779626369e+01 -4.455209677262008938e+01 -3.426842411350651219e+01 2.263905070551000431e+00 -1.060298501859700648e+00 1.838288044492954043e+01 -2.359328843319270774e+01 2.397342803540169598e+01 -7.963357713627267742e+00 -1.733647432134846511e+01
1.378698805957208151e+01 -8.402400440994490793e+00 2.405581944991951604e-01 1.364608906046684567e+01 -1.890095613970108346e+01 -2.058579735591941429e+01 -1.020843990669528978e+01 -1.146568334218390994e+01 2.097676780873321878e+00 -7.761517628098194566e-01 9.910576647032129927e-01 -4.389606863414202920e+00 -8.872287929306116538e+00
1.390653146583249722e+01 -3.341237325095162447e+01 -1.432770595163200156e+01 -1.175089654631261205e+01 -6.454799386886234558e+00 -6.169189041353719816e+00 -4.537383351384157493e+00 1.208962012557543986e+00 6.561024996616660943e+00 -1.709902573407382276e+00 -3.730274707873072693e+00 -4.344122470375860523e+00 5.087367602602666850e+00
1.468519211322214701e+01 -3.691904461596958242e+01 -5.141095178253373810e+00 -1.320897234126651121e+01 2.974976766763772318e+00 -5.058716304471542191e-01 8.025215353486196079e+00 2.113398102337172180e+00 1.562591304091865752e+00 3.560808341167216007e+00 -1.635449361420362235e+00 -1.784159992865306910e+00 3.683476461002288982e+00
1.482754512109626077e+01 -3.257392191847837637e+01 -1.380138200993679476e+01 -2.021656638463917588e+01 -1.140237610235208088e+01 -7.681071659389301587e+00 2.054919472479999953e+00 3.620792644146747286e+00 1.430186804528947597e+01 6.193823470126302411e+00 2.584634440312080006e+00 5.038738149019382995e+00 -6.172809250647632862e-01
1.507267345275989356e+01 -4.214813439852650845e+01 -1.964636496999102988e+01 -9.145684654852406226e+00 4.978464329922358544e-01 -7.251142475923747277e+00 -5.785832555533564125e+00 -1.505623324439273825e+00 5.904136314585941570e+00 -1.203100168599616104e+01 3.824280122111793467e+00 3.715280334487722769e+00 9.031517430116103640e+00
1.554457325836092529e+01 -3.947282439373974938e+00 -1.724378199387016153e+01 -3.745767668682241691e+01 -4.272938494299497592e+01 -8.095532085105457298e+00 7.285353060291633653e+00 -8.101986008967369202e+00 -2.348523077019656569e+00 -1.987859775423572728e+01 -2.946713804172925943e+00 -1.380222041288446944e+00 -5.037011927103174358e+00
1.786848588775272617e+01 6.820694116536162532e+00 -3.122624276310686753e+01 -1.206255376104764032e+01 -6.038012518995046918e+01 1.821724910559598598e+01 3.055081207006712063e+01 6.285628283412539652e+00 -1.356537856584392410e+00 -9.209183989337132559e+00 2.460370883174705092e+00 -4.807778270403176180e+00 -1.037210594442894873e+01
1.822337519858610477e+01 1.380228704587915622e+01 -2.424223705097152859e+01 -5.421115767426040399e+00 -5.363155420257589157e+01 2.127348374582191326e+01 3.246959494698877080e+01 -4.639976374724356312e+00 -5.651669414391605528e+00 -7.574702797188114012e+00 3.329440191126226800e+00 3.037298724188275401e+00 -1.603711508339082048e+00
1.819389190005266954e+01 1.627544462286012461e+01 -2.374662580230478781e+01 -8.027031394578074242e+00 -4.931949539820460870e+01 1.794215196755678221e+01 3.549263451512833711e+01 -6.945032663781473659e+00 -2.397127622734923857e+00 -7.254844366492979368e+00 -2.807978408846576901e+00 2.254562148975034042e+00 3.396769338638145341e-01
1.792319087947441147e+01 1.333877183266264232e+01 -2.645595905052528352e+01 -1.125921993859333625e+01 -5.723868829185909846e+01 1.209349469916070774e+01 4.506612000333117152e+01 -1.809958493338643226e+00 1.347139055095380122e+01 -1.084994138841691402e+01 -3.027883415406010137e+00 3.541011190262542296e+00 -1.495223926816053428e+00
1.733541504841592484e+01 1.344568387204797411e+01 -2.030511234291285305e+01 -1.042051795286027627e+01 -6.791545073858182491e+01 3.881927421905996933e+00 3.469736228848078952e+01 -1.722955154041599046e+00 1.179230428559730548e+01 -1.269534555548184507e+01 -8.559473726278632455e+00 3.942996218235378159e+00 -2.988559794241858913e+00
1.613410184968870809e+01 1.090601353419085306e+01 -1.939963153323461498e+01 -1.894464818731036360e+01 -6.342430646847287079e+01 -1.246251758027058898e+01 2.327169623019520017e+01 -3.360702559360587038e+00 2.427565756972798283e+01 -1.180614034414046287e+01 -4.359916054658012463e+00 -3.050547350890893128e+00 -3.363696630751314753e+00
1.630746467225593577e+01 1.273157566527300233e+01 -1.268150928954491796e+01 -1.831152422414167802e+01 -7.448241251955482767e+01 -9.204058549426960667e+00 2.314220077233842332e+01 -9.754362684219490376e+00 3.366318525812867080e+01 -1.154198745683010507e+01 1.039095871860992171e-01 -6.562844489791751279e+00 1.055752671695750777e+01
1.626766015344344751e+01 1.194160377000210538e+01 -4.125320647013882791e+00 -2.061733805572231759e+01 -7.604919527546714164e+01 -4.380514593358212139e+00 2.862419261459077191e+01 -1.750925400974056245e+01 1.933267776130367466e+01 -1.663118604799906208e+01 6.553963228769049465e+00 -4.443684021394822103e+00 1.934404656047542659e+01
1.339733472675377968e+01 -2.273053717641055460e+00 3.797828285943662507e+00 -1.761533399538270928e+01 -2.484260837171586545e+01 -1.019551562859106397e+01 4.536579089635637274e+00 -1.053263159914925806e+00 -7.571628140558169129e+00 -9.152883653117964258e+00 -3.783713849034848309e+00 4.765577404888404089e+00 2.391674887913734615e+00
1.412321401709219870e+01 -3.637355360734046172e+01 -1.024816211620956530e+01 -8.093671800856212073e+00 6.095324015182174371e+00 -2.194742062056320275e+00 4.759730914023979409e+00 7.486286039489442601e+00 -4.420900040937874031e+00 -9.120155163516930230e+00 -3.289754943535550424e+00 3.810973109342793208e+00 1.445316911200586807e+00
1.482980435940514852e+01 -4.219854019409864776e+01 -1.382297496905488465e+01 -1.892547681406433213e+01 -7.754356096025146527e+00 -6.509546700161264354e+00 -1.368547029230592749e+01 -6.967226647569039422e+00 -3.193787911330269402e+00 -1.056355495666570476e+01 -5.294480355556610895e+00 8.220732031097945480e+00 2.328787398645408402e+00
1.474163578470138525e+01 -3.042315447143360885e+01 -1.544889329289635604e+01 -1.814483211862862788e+01 2.471916315818667442e+00 -8.136254987833981822e-01 -1.059299455707658666e+01 -5.384865669565300550e+00 2.206560553797531021e+00 -2.245361997210465255e+00 -1.195237810313462745e+01 9.640636523065840291e-02 5.465296117012711896e+00
1.332970415185823576e+01 -2.336064507966759862e+01 -1.191294353043634047e+01 -1.474713488603105205e+01 -3.015282475410603880e+01 9.968036945724259468e+00 3.292465460025665092e+00 -3.372598654160132714e+00 -1.098438441339588145e+01 1.592036303224572791e+01 -9.429896620552474573e+00 -5.871994020211755982e-01 4.251727192910082387e+00
1.754534294076173495e+01 1.158830464661737025e+01 -2.705709510766246595e+01 -1.726986768107999737e+01 -5.318778776120639407e+01 2.208305355701364903e+01 3.345751767725363379e+01 -4.604257304886134605e+00 -6.068706006735196112e+00 -1.288742758228404384e+01 6.400618832433149663e+00 -6.987024907115950256e+00 9.237230591378142730e-01
1.840614391236207936e+01 8.500759054532087688e+00 -3.250066460980715277e+01 -1.180556032642702391e+01 -5.005227131242806848e+01 2.566446865974947755e+01 3.281986888154741422e+01 2.400105345695707992e+00 -7.662173267622692130e+00 -8.576542583710130785e+00 6.308395692745894401e+00 -9.682688365867019087e+00 -7.610932099289415831e+00
1.853027952686170821e+01 1.173843523851690307e+01 -3.945802376402475886e+01 -1.377914730162441792e+01 -3.940696313773691628e+01 2.585225477332653554e+01 3.400973557062873454e+01 2.912018583212097056e+00 -7.323084891691341802e+00 -6.256874981935082403e+00 1.971848386906668793e+01 -1.602788669567252811e+01 -4.103563063094012975e+00
1.874271110461305767e+01 1.195146704939966398e+01 -4.277825064918164344e+01 -2.196593958433867044e+01 -2.980747675343072700e+01 1.729416152372590076e+01 2.963050183516049785e+01 -7.040510766238980978e+00 2.200425576628887825e+00 -1.553550758115451558e+01 1.483953119906785467e+01 -7.210487702178943081e+00 -1.953102454246188557e+01
1.843160876909897183e+01 1.363083718569299840e+01 -3.484997428164109579e+01 -2.392127086170615158e+01 -8.276528123358311007e+00 1.030616703967294434e+01 6.865530592065790749e+00 -7.607701165398807197e-02 1.330263714112870765e+01 -1.316170539612198986e+01 -5.320079463800255759e+00 4.234263111061421725e+00 -1.590211077400140560e+01
1.781832927637472253e+01 1.494582619798500289e+01 -3.071893780949707420e+01 -2.679270515174454559e+01 -1.822982366980145486e+00 5.957451533505727426e+00 -5.918396988343694431e+00 -6.084157673112134956e-01 2.434119232138850819e+01 1.326692018076648938e-01 -1.629637819240430829e+01 -1.229390107096733686e+00 -1.478947427073006082e+00
1.747520988081436499e+01 1.407701072090145189e+01 -3.700886134830312102e+01 -4.441177511845125281e+01 -4.416749867557360432e+00 -1.501848749346768264e+00 -1.605091548759829934e+01 -2.222324966372190502e+01 2.886579097470353616e+01 4.655650654899148755e+00 -1.754139615993608814e+01 -4.407348583689460142e+00 -8.363913949882354260e+00
1.659086525092177666e+01 1.381945871138374038e+01 -3.523465773029967352e+01 -4.246635095110663372e+01 -1.163475579528529735e+01 -7.860700069354792596e+00 -2.086038761139171172e+01 -2.259510949624609921e+01 9.039789291451819864e+00 1.231949786596567620e+01 -2.795769864280097661e+00 -9.458620211201086647e+00 -1.349243385889795555e+01
1.152069122215404740e+01 1.755920722451851645e+01 -1.095968529627069543e+01 -2.526657970075694948e+01 -7.787665933247518879e+00 -6.105450860339508345e+00 -2.877789982339364894e+00 -1.025546475940316427e+01 -1.013289969901773269e+01 -1.159236832316973853e+01 -5.404989140171438500e+00 3.028815688523716965e+00 1.104334145108099463e+01
8.591412121147198988e+00 4.815229963994715590e+00 2.056201740546213941e+01 1.901843811812894192e+00 -3.594780610975604862e+00 -1.639465397903869359e+01 -2.170581866989352093e+01 -2.441109361234569519e+01 -1.427486744981613676e+01 -9.201487675688358792e+00 -6.905520282655432496e+00 -1.151969654347269945e+01 -1.112775385124146332e+01
8.436141139751002882e+00 1.410862942993366342e+00 2.327139542112385229e+01 6.172607286044139663e+00 -6.059918319009162113e-01 -7.391483658923818645e+00 -1.658415131208515092e+01 -2.736252480155943445e+01 -2.586054783085566555e+01 -1.581722893078385361e+01 -1.943102109539816658e+00 -5.050821728839684610e+00 -1.252420169918528536e+01
1.470194491559882444e+01 -3.987589996493506206e+00 -7.587710880434420879e+00 -2.248240117430162144e+01 -3.682450249535659736e+01 -1.860497586057552155e+01 -1.532344747881558078e+01 -8.864612390518617602e+00 -1.132596581609211128e+01 -8.794888236851654550e-01 -3.609269828278389269e+00 -5.187411124755256231e-02 4.703009615393903609e+00
1.494483362114927161e+01 8.125770838898121795e+00 3.910380441745986424e+00 -2.225331461574656089e+01 -5.933086328207398452e+01 -1.441017121540083679e+01 9.136750170504788215e+00 -3.213350907989268990e+01 1.767073404325233454e+01 -2.381911149372758629e+01 1.460833456372560768e+01 4.170449601324428102e+00 1.382268071074047100e+01
1.440404383193169124e+01 9.900184890307491159e+00 1.183632455941358508e+01 -1.680640215513090396e+01 -7.161146239318519235e+01 -1.714145253413764181e+01 1.193977483781948123e+01 -2.576049299232085943e+01 1.900533204948309773e+01 -2.071037528063214239e+01 1.167871443487562111e+01 3.992932859298320203e+00 1.018574585496365970e+01
1.368610446205558873e+01 1.182085276859934808e+01 1.148984511136858089e+01 -1.611900098388209202e+01 -6.393587114549819006e+01 -1.888414551719896650e+01 7.804104209061325292e+00 -1.811604638507608200e+01 1.540778946594042509e+01 -2.817152862690842241e+01 1.140763100929297025e+01 1.231187269141026164e+01 4.904614865703067927e+00
1.505289511638627076e+01 1.253743836653712229e+01 3.812657326761896392e+00 -2.038592202859688030e+01 -6.573120735161761274e+01 -9.698108370878740558e+00 1.544598749405046156e+01 -2.898366116208296006e+01 1.388311722013716221e+01 -1.967507493215098435e+01 1.368151919524226123e+01 8.889239488183839910e+00 1.795522004971750363e+01
1.626838891645462937e+01 7.704800274059529386e+00 -1.066099435291716091e+01 -2.715658419076116914e+01 -6.201044429451457773e+01 4.031366191117135678e+00 2.159679046576189165e+01 -3.563347666584554219e+01 1.250409647112022427e+01 -7.491124340094011735e+00 9.737427441624525670e+00 2.450510752298493689e+00 8.474944314444925908e+00
1.689521935349787896e+01 5.066424712951503651e+00 -2.113622191095437586e+01 -2.469838747061102779e+01 -5.534327562424242331e+01 7.031583958283889046e+00 1.847337541175279796e+01 -2.963672510800554605e+01 1.264297174529419898e+01 -5.705996856120903793e+00 1.162104466845459250e+01 -6.897238257790324845e+00 -4.204632912103302367e+00
1.710575783529349536e+01 3.630097011155940745e+00 -2.769456723663494557e+01 -2.380916725302205705e+01 -5.352046849368898762e+01 3.927001850742637856e+00 1.846802649070520630e+01 -2.483746684342057165e+01 1.731316179364084107e+01 3.105236964724778392e+00 7.385327154330239452e+00 -1.255986433094847854e+01 -8.467345957981720517e+00
1.690147570351567197e+01 5.446271378439962341e+00 -2.894688565948287362e+01 -2.401597839147626345e+01 -5.026256457063096406e+01 1.866397369249141569e+00 2.065984260990118315e+01 -1.876288419008655239e+01 1.680277551051296925e+01 1.083528412555492793e+01 1.395650227845741931e+01 -1.374032578046593045e+01 -6.830512439664531144e+00
1.641278034948401654e+01 9.475326675120300024e+00 -2.879386281281907500e+01 -2.327450159782413053e+01 -4.915536306282476176e+01 -4.426697836299863020e+00 1.787897351099695697e+01 -2.025635702784751757e+01 9.627314633566893542e-01 2.862338304642754849e+00 1.819035980377594441e+01 -1.076991122477604179e+01 1.263538089180591850e+00
1.568737213968108257e+01 1.550292306712433543e+01 -2.535082278056624716e+01 -1.980854545463336081e+01 -4.663544726523358719e+01 -1.073422779077327505e+01 2.624575972467189544e+01 -1.992729422051673538e+01 -1.381636010358983668e+01 -5.849067226399593533e-01 2.342876919718927553e+01 -1.987824798801159476e+00 1.056569146946341853e+01
1.491523707237680796e+01 1.899640404991232145e+01 -1.613672956146743331e+01 -1.007830302286402357e+01 -5.204579554771694205e+01 -1.626695437825514290e+01 2.793171340999795760e+01 -6.580538774460368501e+00 -1.018114696062205304e+01 -5.369372996521973640e+00 8.225634322218578376e+00 -4.599552694952253051e-01 1.618896071947181525e+01
1.468845085761714131e+01 1.752048714082022940e+01 -1.608857253710689861e+01 -1.377630622625094681e+01 -4.377877950522008632e+01 -1.798426373342398321e+01 2.931374170216806263e+01 -8.663700499019455492e+00 -1.902269483553557805e+01 -1.156095167022062675e+01 6.204902047694902834e+00 -2.204962881971081146e+00 1.473345760905963253e+01
1.578199047393482601e+01 1.063525736303723868e+01 -3.686422775900881277e+01 -2.059510495563636567e+01 -4.057037439891394115e+01 -1.450300051668887136e+01 1.869381744301488624e+01 -2.311819401596794421e+01 -1.377468516683400068e+01 -1.984160525720589208e+00 1.785418573133257425e+01 -7.386606688683380995e+00 -9.551746055779887001e+00
1.612537656773344708e+01 7.462086439115315883e+00 -4.475356589348534442e+01 -1.588418666690528092e+01 -2.859002534399213857e+01 -1.694502578337863952e+01 -8.083909343898024735e-01 -1.120585952494894677e+01 7.652442624120315173e+00 1.378388680607951855e+01 4.034008680713303541e+00 -1.466876676262223356e+01 -1.078780933276815546e+01
1.461392428125963860e+01 6.447768094063583533e+00 -3.345040745370357627e+01 -2.072116509019513941e+01 -2.285289367704817209e+01 -2.772979642874860318e+01 -1.538178811080785557e+01 -9.839313633232112721e+00 1.121454146918407346e+01 8.080840110727522951e-01 -1.099234810095861903e+01 -1.271209478505701007e+01 -9.420897014160278360e+00
9.419669232869209097e+00 -2.472860815052937156e+01 -1.728840324664654204e+01 -2.796962215758514780e+00 -1.234275861941044328e-01 7.263912182122588268e-01 2.629145409286512525e+00 -1.454827071817737050e+01 1.676371046550019628e+01 -5.370747022156123762e+00 -1.085685693604630941e+01 -1.015276696458479577e+01 -1.042084618875067470e+01
6.942331905100554756e+00 -3.068558807085057083e+01 -3.709222059297727636e+00 -5.900122278958210842e+00 4.609408705098660519e+00 3.942738180731236941e+00 6.162004528834638784e+00 -3.264511643255565865e+00 5.180695216868741682e+00 -4.551829462051109942e+00 -9.982487446698570466e+00 -1.530000559306720120e+01 -1.050672996228784051e+01
1.452617909368737337e+01 -2.287472386341502073e+01 -2.165259039755894221e+01 -2.540190934562457414e+01 -1.060792405585029741e+00 1.113380305453419084e+01 -1.651251301027833307e+01 -1.134438631555017096e+01 1.796615423139172663e+01 -6.026515429507198762e-01 9.869222269967297123e+00 -1.360693940632621945e+01 1.228991505771683279e+01
1.796097543711758604e+01 -4.835235482250408268e+01 1.694060400679817446e+00 -1.598998364184171805e+01 -3.775473740928203092e+00 1.711983836007116722e+01 -2.500606995652583464e+01 4.188023972210909385e+00 1.365200440716232499e+01 -2.481455989009815344e+00 -3.085176596825093043e+00 -1.592139745444394983e+01 1.010455105764718553e+01
1.904599264856351937e+01 -5.641060584603303596e+01 1.259539171758044596e+01 -2.609484892504722708e+01 -1.864861296014509051e+01 1.590020849059431463e+01 -1.390338500725616555e+01 8.312111753891223032e+00 3.378328447671165691e+00 -4.746303194392311298e+00 -4.281717946814786124e+00 -5.693089086628289053e+00 2.915795724043072745e+00
1.903368426825785065e+01 -4.838314638456364492e+01 1.815130724366312975e+01 -1.651448867206006099e+01 -6.100204739329799786e+00 2.123343768853024116e+01 -1.514326645369642677e+01 9.978473402082064680e+00 -5.430953847394062173e+00 -1.177929893316878029e+01 1.156551318545868945e+01 -3.305840874185550504e+00 6.581938154989382284e+00
1.657567591851938715e+01 -3.599574608229436734e+01 4.558806297304344390e+00 5.687149115625758533e+00 -2.227302114324718474e+01 2.297337311462063525e+01 -1.114677691665037429e+01 -1.769990998318179720e+01 1.781615786474808871e+01 -1.155031657784511800e+01 -1.474434623293069624e+00 -6.159302342571336020e+00 -4.706613662286947886e+00
7.166017455230518252e+00 -3.193144259997643530e+01 2.117427101226213026e-01 -9.673791523847712348e-01 -5.906748237253856004e+00 4.794980167549361738e+00 1.924444627525703666e+00 5.975449346033385289e+00 1.379551665744433997e+01 -5.644379712826499862e+00 -7.212866336289077696e-01 -1.065884266732177110e+01 -1.712938339015303901e+00
1.424108171091346087e+01 -1.909915408083416111e+01 -4.885419664397399941e+00 -2.366909045498438857e+01 -2.330203719078094338e+01 1.336559603797210061e+00 -2.410176893838368084e+00 1.988321669931162328e+00 7.119247802297322458e+00 1.095253277172960082e+01 2.130309785684460611e+00 -4.200360612002913996e+00 6.931311389822762514e+00
1.573922332806697533e+01 4.204321969520807833e-02 -3.376701813599254365e+01 -3.631446876481876362e+00 -2.899646269806198973e+01 -2.841097822816015395e+01 -1.761123166415653429e+01 -1.692865503778935476e+01 1.766750159335040138e+01 -1.505876657646665062e-01 4.215213866056481962e+00 -1.452674683400205069e+01 2.178165414460453864e+00
1.607385677192810647e+01 -3.338147580364450473e+00 -4.058550744031316526e+01 2.894035203556535318e+00 -2.164619406825444869e+01 -3.876193289700064071e+01 -1.666980349194344058e+01 -1.251451124398369430e+01 2.511547657149320756e+01 -1.785142073762635206e+01 -1.901818965322607871e-02 -1.339445400440391620e-01 7.819585619507966712e+00
7.577234536543591581e+00 -1.197130753211710719e+01 -5.274980524277372851e+00 -2.001972962360268227e+00 -8.614175334260330885e+00 -2.453740425370757450e+01 -3.419653656223612614e+01 -1.965142411654367294e+01 -5.208010487672314781e+00 -2.447850828410975410e+01 -1.714627245918229548e+01 -1.144715418797848550e+00 -1.485890828260985863e+01
6.805757985245319830e+00 -2.432740409753162680e+01 1.899836659119443105e+00 -3.957900281947402288e+00 -8.613541402841528694e+00 -7.791561252689864325e+00 -6.498592638304988789e+00 -7.909876733745173638e+00 4.554840662258484940e+00 -1.391979850543846320e+00 -3.035874980772856890e+00 -2.273911743323671963e+00 4.635225233217315832e+00
8.442737729652204592e+00 -1.253868102315059119e+01 -1.532285313897348722e+01 -3.960769133547209719e+01 -2.175999983385750980e+01 5.280586009754015819e+00 1.863375546733301746e+01 1.356170890914311977e+00 3.478428557412506006e+00 -5.244709908169036261e+00 -8.151676361380630453e+00 -3.602168299353802894e+00 4.035978670440856675e+00
6.728112883387915133e+00 -2.862091306615706898e+01 7.227051209871785398e-01 -8.804507910093470002e+00 3.755113684460892998e+00 -1.103235123271698370e+00 4.874117888867368187e+00 -6.470020520203406456e+00 7.407982790598783396e+00 1.338053336565913654e+01 1.720403338511305691e+01 1.137781875181703484e+01 2.182632347376991078e+00
1.595918298646724232e+01 -3.150715077242185203e+01 -1.921010154760560340e+01 -4.089595734724825071e+00 -1.311772717269067456e+01 -3.667218870182451074e+00 -6.173622910207530623e+00 4.496505624291407877e+00 5.786874570545407437e+00 -1.329661841383006227e+01 6.637941107218142456e+00 1.335144054303610339e+01 9.238471530083248950e+00
1.440451946185545573e+01 -1.386463728402152107e+01 -1.684885078838978600e+01 2.297330351563468653e+00 -2.974481234308457900e+01 -1.506730505146750154e+01 -9.158204775509091178e+00 1.500932725529796308e+01 -1.101567228025292700e+01 -2.764281208858034589e+01 -2.392229862719349498e+01 -9.487756224030990282e+00 5.452711225171699150e-01
1.614268643553196370e+01 -5.575893074436153007e+00 -2.409424914890973213e+01 -3.261433690010820285e+00 -3.441802571711034631e+01 -3.710914185596546844e+01 -7.836742517224839055e+00 -3.001579028532872062e+00 1.448177722702890691e+01 -1.900361263317882887e+01 -1.906918312202941779e-01 -8.511600520306917161e+00 2.199825324591766940e+00
1.682001257010534800e+01 -4.558381520638000062e+00 -2.363135450448124075e+01 1.266515849050439080e+01 -3.973886033200979995e+01 -3.450033830487739550e+01 -4.967721287143821662e+00 3.718918168534987245e+00 2.076202947201019811e+01 -1.766254639044650432e+01 1.435341274073414652e+01 -1.619231464996455871e+00 5.133898689476197319e+00
1.657890672144498723e+01 -6.078210898728393374e+00 -1.496741036217965437e+01 2.029898426236425379e+01 -4.243773165398852143e+01 -3.656134384275470239e+01 -1.494119357867038289e+01 1.265063099416749326e+00 2.518059200195611691e+00 -1.394289191786899806e+01 1.742870062994069258e+01 3.156908687532710367e+00 -2.621239426063232347e+00
1.559136645928250431e+01 -3.658078515981351586e+00 -6.825778462124925561e+00 2.923868079409590948e+01 -4.379401005842582606e+01 -4.511433738658564607e+01 -1.317015185939878741e+01 -8.761296366990967144e+00 2.189433972079857682e+00 -7.311870812414310805e+00 2.218678894468971663e+01 -1.304092124009617493e+00 -7.152765876454873606e+00
1.446791912909066546e+01 -1.566843877264459728e+01 6.394430349235228128e+00 2.420018177016697081e+01 -2.840080525939037770e+01 -3.355280080310339486e+01 -1.074814412140264430e+01 -1.017047001773550541e+01 5.350039146835178450e+00 -2.912960701297867772e+00 8.096824457465521263e+00 6.306118068242557939e+00 -9.437081453306930712e+00
1.716456634312299911e+01 -3.857135693911283880e+01 -3.643139986104046990e+00 1.904389048261900896e+01 -1.307356574905101176e+01 -6.302532358212730834e+00 4.454599643442795021e+00 -1.793967583421777201e+00 2.148916239103807246e+00 -5.439886561080919058e+00 1.786311038157674780e+00 2.741744702476395013e+00 -4.053646916034922221e+00
1.765081292317944062e+01 -4.218916962144128746e+01 1.032263469565143588e+00 1.539648623180113063e+01 -1.121199666893240909e+01 -4.147432544701763923e+00 1.607552268148516594e+00 -2.017343983490939990e-02 5.307815813343025546e+00 -7.482461996849858465e+00 -7.847889382487551302e+00 1.212332042065928661e+01 -1.600074376911382323e+00
1.799659696045425150e+01 -3.868561698497809687e+01 4.022852782730051757e+00 1.390735826018890364e+01 -1.233160001103359171e+01 2.022889597604594358e-01 2.147485447792155000e+00 -2.923648882874795074e+00 1.651666991290333675e+00 -8.280936144579608138e-01 -1.164893411235640386e+01 8.158597419574640242e+00 4.278076344081701343e+00
1.742887239672536737e+01 -3.524605128742216209e+01 3.345609284489720281e+00 1.080602870148681838e+01 -9.048576796920926313e+00 3.132903116959960266e-01 5.149310635537411862e+00 -5.748601490083724563e+00 3.584042305907190418e+00 9.844490603741363755e-01 -8.801591518654090507e+00 3.795396278346324870e+00 3.161705820817110602e-01
1.618632588752242896e+01 -4.406011651377252036e+01 -4.356935079086591500e+00 1.666050680179419530e+01 -1.459266555473214844e+01 -1.013958011710198548e+01 -1.350804747728946431e-01 -4.230781866895952703e+00 6.767704538122303326e+00 -1.005984920948496120e+00 -1.911282740464171681e+01 2.165323484263692588e+00 1.600165756244915727e+01
1.407829278508402204e+01 2.259142934855133067e+00 -3.420331267238817929e+01 5.813821956660648604e-01 -3.082783808318080787e+01 -2.538443316730923627e+01 -2.429981644322887213e+00 -4.006570940956919458e+01 1.746195968082777839e+01 9.048192839536254084e+00 -4.212265849381561011e+00 -2.157672543629139028e+01 1.581965452844374020e+01
1.408717879756379965e+01 1.919632827452509016e-01 -2.843087864193263670e+01 8.588303394076714170e+00 -3.433148138775636227e+01 -4.104070021340751495e+00 -1.901407125679799970e+00 -3.604020870892696848e+01 1.876694139610552980e+01 7.054022548769663281e+00 3.145167258146651879e+00 -9.363546941105948207e+00 7.918988440818742092e+00
1.283273468823656316e+01 -6.135650121953492686e+00 -1.444654850511351185e+01 7.181134099967546369e+00 -2.763864685424939438e+01 -1.196472676664880019e+01 -1.076222097407485556e+01 -2.099738131405064934e+01 1.625430634329266866e+01 -7.609860166013123539e+00 2.462348415683573677e+01 -1.338617636442508640e+01 -1.355100491675633512e+00
1.109354931264947020e+01 -5.127897430008389712e+00 -2.187018902786016028e+01 -1.258323953498742220e+01 -2.649328251695171588e+01 -5.115387898943638589e+01 -1.280920395540806389e+01 -1.932237386441456550e+01 -7.572097786833466238e+00 -2.610021621559985050e+01 1.288571958412875418e+00 -1.944520626598118440e+01 3.836897569288634013e+00
1.061237162857244343e+01 -4.905335327790321109e+00 -1.579945165583320410e+01 -1.492373677026548684e+01 -1.980986183562083980e+01 -4.778232601298481086e+01 -8.086868724876577375e+00 -2.423841972739489847e+01 -2.462685465828560627e+00 -2.647820948265891872e+01 5.176361517242877852e+00 -1.501349407004546244e+01 7.204949595767718762e+00
1.065882952945661089e+01 -1.617638646502358224e+00 8.754987009331198777e-01 -1.724840629530760339e+01 -1.049775035751550156e+01 -4.300192121737953954e+01 -5.966019431332641787e+00 -2.592134915821719332e+01 -4.019559172349236875e-01 -2.811436765506067559e+01 4.160703206357734274e+00 -8.535984874499451536e+00 1.075651181447906168e+01
9.412136544823999529e+00 -4.907573006620899569e+00 6.135587820942498993e+00 -2.481855881723300072e+00 -1.400550125408639168e+01 -2.920878591422602000e+01 -2.461043082752594557e+01 -2.692387926937148990e+01 8.139065259940531760e+00 -1.007266137982010434e+01 6.933461626221509633e+00 -3.008747513511511595e-01 8.321359309153455897e+00
1.346475078122501579e+01 -2.425662491371056717e+01 5.496772254275427372e+00 -1.499861064641082109e+01 -1.255864619468977494e+01 3.360177748433611722e+00 -1.016813284852867305e+01 1.857818358380614754e+01 -2.335572071847493714e+00 6.329850681067290985e+00 1.665161123728185588e+00 -6.879627030475697680e+00 3.593441449203181870e-01
1.715401658294582887e+01 -4.303690970848632702e+01 2.735611290423189601e+01 -1.487873714929112445e+01 -3.169585588997719583e+00 9.854714575844475632e+00 -1.603697397395299262e+01 1.614304146862343003e+01 -7.327726134841835659e+00 -2.943277728826925732e-01 8.298477188316390141e+00 -5.240296868206260505e+00 1.921606230134615512e+00
1.876499380024781516e+01 -3.317611766054127287e+01 2.342328449828329084e+01 -1.624599367859210375e+01 -1.060402450594875257e+00 1.242494002992774504e+01 -1.791165039742214660e+01 1.412892765579597132e+01 -6.687291974584074872e+00 -1.405129551618856443e+00 2.953460323387491648e+00 -5.660211810990050552e+00 3.466461635640224248e+00
1.858633564368584246e+01 -3.283469214179029905e+01 2.173520692599600324e+01 -1.338962541913642035e+01 -3.806505610589995481e+00 1.490473013877254438e+01 -1.699913241274588316e+01 1.318853951382300771e+01 -7.798040934801369062e+00 -2.576239715006123809e+00 4.788577785633691519e+00 -6.829748439706486707e+00 5.543285261035331146e+00
1.819724477510336058e+01 -4.843885293992556029e+01 2.093908869675081164e+01 -1.417222736108785064e+01 -1.095194049046139284e+01 1.978152961515826291e+01 -1.654186411516865363e+01 7.411582221564791517e+00 -2.533994017956223144e-01 -1.020752299685216791e+01 8.097625101899490474e+00 -1.044468864380667483e+01 1.287897114339856763e+01
1.798748952874567664e+01 -5.236722041941943928e+01 1.336925762754900404e+01 -1.883826054656243087e+01 -2.439252334999146399e+01 1.399066571931151692e+01 -2.097875294271390345e+01 4.295452198261983767e+00 3.406784571086606039e+00 -1.746640870977749005e+00 1.534950094523161468e+01 -1.787276715081804923e+01 3.074295254761128859e+00
1.659095657375237920e+01 -5.756677829951237868e+01 3.079308472198593272e+00 -2.045345945244286412e+01 -3.105772061877846113e+01 1.993645729831484559e+01 -1.563446642062815606e+01 5.033129717706075201e-01 -6.610392871969145823e+00 -2.133110098173310476e+01 4.370958897178560676e+00 -7.057968859348052959e+00 -6.254985608884461534e+00
1.335600663012150413e+01 -4.033337320609300036e+01 -1.011918176247054646e+01 -2.054096057398454178e+01 -3.614897917513151526e+01 1.757686598793127075e+01 -7.238011396783775808e+00 -7.525183354077761955e+00 5.485569379781385813e+00 -6.501508865540884585e+00 1.422029858076812259e+00 3.867023313901073456e-01 -3.828993193053698452e+00
1.015565619392649488e+01 -2.439453979118001214e+01 -1.345809540971231399e+01 -1.303800486741013209e+01 -2.597638552634260023e+01 2.397065920721650922e+00 1.292955668579162065e+01 -2.017410159148766624e+01 6.682335862815449445e+00 -5.132086049992133914e-01 -9.032065188504329711e+00 9.092449368284635014e+00 6.669324234304862209e+00
8.706015866070590192e+00 -2.452353291618880959e+01 -1.001790873084361166e+01 -1.878454234820455326e+01 -9.718794333634113158e+00 -1.411142916673479952e+01 -5.698960451441291042e+00 8.373794509809451725e+00 1.107475308447313900e+01 -1.291101201166287638e+01 -4.108937089595404046e+00 3.266287748823825332e+00 5.304388497690166737e+00
8.648692080485155032e+00 -2.426436324016805202e+01 -4.839793224181629050e+00 -1.957872606189280518e+01 -1.779892145475128373e+01 -1.946871465098988097e+01 -6.668130906860232798e+00 1.064475146399752603e+01 -3.110098689160429308e-01 -1.338165949380588415e+01 -1.478786506481461949e+01 -3.466774925967690990e+00 -2.678732884001651549e+00
8.654787976467716248e+00 -2.341380066540320826e+01 -5.017219232464410261e+00 -2.351906049060091064e+01 -1.362970909177336587e+01 -1.109234220060329790e+01 -2.336681130034362841e+00 2.332521651526259987e+01 1.078889803048317120e+01 -8.859734066820418974e+00 -6.585829782604958993e+00 -2.183647318816390737e+00 -3.648410896271223169e+00
8.726574556811725003e+00 -2.395371902000660924e+01 -1.937517013078160266e+00 -2.057974355419323587e+01 -1.345118211617422332e+01 -4.451676935236999810e+00 9.032122751773675517e+00 1.425064254223603122e+01 -2.426771101637538397e+00 -1.268148712985108162e+01 -6.673629919747268602e+00 -6.202820937894633957e+00 -9.770470553734730501e+00
7.487216595954510723e+00 -2.014842223522749975e+01 2.645703048116411882e+00 -1.679266632470718079e+01 -1.419877960490999591e+01 -1.176522950295486680e+01 2.144781920885200588e+00 1.691449309086403829e+01 3.530611871355043618e+00 -6.782438071412255631e+00 -5.879514443591147277e-01 -6.107258580668264436e+00 -1.095444147546342251e+01
